840709
324593
883801
89599
755155
466851
974025
685740
394142
289306
291633
702272
619720
697583
689000
742336
204750
292178
217937
681085
609383
298045
482771
395056
972501
838340
708449
339759
696479
386658
522523
729917
486174
263663
706391
856819
291802
202999
843053
150327
289296
462335
357209
685718
767139
760539
42175
679879
21558
356316
652820
122121
666485
505233
717543
533356
697241
861372
767871
344310
394133
550600
430533
215028
900057
843732
959898
582073
209905
202677
914735
757324
783255
834347
346382
208949
786256
276997
390516
245693
244640
461201
682981
306412
880668
477382
899574
196500
278120
695014
91141
876527
811494
586896
502759
403451
582098
462508
940276
675655
321654
558267
723616
910506
25714
146471
724948
872581
292429
263531
839225
420377
784994
901218
324873
615250
925362
471710
636912
532218
346383
704664
843734
56232
828755
141599
858703
555625
296881
333154
503952
302776
297877
858436
344893
514108
527837
411546
612548
403449
503817
784970
769140
486545
203087
287799
964809
521413
198004
128855
604311
321653
503023
351569
706187
857686
699145
897029
299854
953144
340767
845346
194705
882281
340764
701291
317930
196798
572435
630634
916017
621600
411474
954080
29688
619510
944601
343175
946737
352046
373851
689275
169482
380265
603608
689274
48242
510492
347760
298012
657499
196360
746785
440225
399726
728607
615932
568929
447829
440473
168857
397184
677184
598728
956010
247900
522822
617096
789459
677656
602461
175982
875285
909344
375932
88849
196358
298013
703619
612747
934571
704234
791102
814603
660307
956861
493014
936450
809082
122120
399028
630143
702273
247901
601285
809346
314926
558485
785701
572439
688593
598247
958948
547910
317415
957539
695966
941239
365059
558486
685462
101371
564457
534856
84375
853730
595434
736201
858435
706188
942753
755374
361634
281622
339762
498759
602905
586899
572444
358867
198907
688997
756384
646444
304843
604836
934985
300961
682780
29221
894277
149177
168349
309151
462473
835432
698331
660304
194706
835002
407234
951575
582312
536624
291638
622710
614405
395299
480483
400578
309003
263660
598591
612550
128115
707396
645359
702194
806468
706376
204747
666088
420173
298230
285666
680251
614403
499866
457037
169483
828740
792822
726950
697611
934574
448584
240924
679190
972891
858903
811513
523504
554259
347541
650023
707277
437810
569048
686978
626229
707392
488618
891850
691556
714452
517807
930241
956850
274696
639429
966134
769985
443839
319301
775547
313563
695625
588422
338443
657935
661870
502645
466432
580288
30571
337696
435747
837775
621227
339779
775237
335771
776663
348046
513356
196502
245694
951574
807428
786467
613790
268132
619354
874058
191397
935965
403450
356540
513360
459151
407352
188590
296880
692457
784676
397362
757947
541020
755461
146695
700733
837990
767121
803000
901945
128853
368777
856213
648706
398455
698871
692824
41060
513199
644597
633285
515368
679133
561015
298368
46758
756086
337081
430535
973579
150296
703621
359493
604491
610225
677655
402400
628142
279670
460367
233606
572456
839106
149927
796630
548779
864301
816701
691554
845709
594712
42186
244638
453339
287455
754635
321421
934862
354435
297133
447592
354434
360254
654737
731719
338562
647600
864256
317060
196796
922483
858048
644873
513205
170296
367541
857217
59804
193237
940278
598244
157323
649490
152329
93829
895212
703615
572453
782704
710470
233605
843054
604492
934400
689415
958946
459025
835433
317931
660303
387103
281619
563508
564408
698591
764468
666484
915275
871378
962632
537995
149616
344894
702617
608607
391522
399663
845009
772797
196357
690046
810596
793311
308860
861804
762545
341587
611734
917263
217617
530279
162216
364058
507767
688999
601420
390151
676282
490639
597436
362371
133698
703671
471965
204440
42563
381293
587570
449181
843733
671029
934859
756035
813834
59808
333341
572355
699733
465549
661867
696066
700857
327179
895643
309203
197935
338755
443846
761355
744936
880681
567113
915175
682982
695609
927870
761357
950631
688875
936564
297778
373883
319299
362324
339735
554595
338442
522520
130435
499649
290420
197186
307124
863699
975289
521832
306804
462475
595824
471967
443143
142701
776557
340570
298633
858017
782706
342288
777848
539678
660314
666802
861373
963687
362773
775575
519530
704968
784501
44720
335770
823002
315014
706394
640961
291631
921352
217616
512118
861762
290422
838142
621610
835642
546801
503774
554596
339761
933768
97123
854576
301827
380732
286894
341588
134610
691555
668284
337667
168224
174414
742414
340545
943490
607173
203088
632792
784922
339778
460680
463556
436004
613329
287689
170294
755462
462707
928490
193042
401609
475383
195271
536625
170945
265736
263661
524722
342174
643858
314921
217411
824247
408208
301052
502966
796294
628144
734045
340765
545503
42187
342287
530654
188588
201708
877716
934575
975630
680200
274662
921354
28195
521215
196355
657042
122119
905606
821758
942731
340380
152591
302777
339918
589175
879358
194704
303645
538128
292185
794345
660982
871377
773666
784995
324874
252091
855624
810822
692562
342289
723776
434666
230180
460678
642877
402112
707566
486177
816702
480481
432027
707059
157321
424195
619829
315012
656489
198496
302673
147460
932793
901214
283943
617395
499867
870846
545173
567519
776200
252504
638977
793665
931518
587390
196785
917640
198735
445886
722678
28938
189384
279125
412107
735802
740208
706917
683267
974731
454692
527064
717650
665276
428379
602969
651245
721600
572260
239905
843132
787882
260147
879045
759084
757615
897879
817527
684196
796441
895087
360908
572104
599009
904422
370550
553573
468265
862555
601936
538113
557005
800430
210814
444120
567650
952219
76334
390095
512592
294824
776207
935651
627313
189727
207678
863647
199765
209164
57274
213362
809972
807383
509216
859185
281316
687152
184543
709325
692411
945846
462462
768565
270308
55104
487118
896983
951732
812084
566090
896969
932791
952318
176419
424527
718333
443863
485045
241900
701404
652135
35949
302577
760006
635036
367935
976040
974882
484614
864720
946601
504414
26167
816576
416293
698251
368332
857661
570758
864718
692134
817160
859627
735039
730636
772488
748389
687553
146574
723091
760010
862932
783475
399727
152823
317889
410989
788196
936873
441911
468953
484707
128543
318647
896974
286650
693591
760009
544669
193597
286468
807727
959508
154626
208227
811430
953152
952313
522157
562678
952835
468956
307764
509207
443853
79654
449773
827801
695465
717648
199763
901684
180734
303612
920323
816378
733974
175974
77235
198807
407623
586929
760524
566132
635984
722501
585474
553856
932776
361462
816380
653098
25716
476946
952312
255684
420158
773693
773695
714738
635998
661863
764749
440472
174450
364088
535734
717739
182279
130656
339840
437029
357798
933150
285581
816590
391641
424530
459915
268960
898010
644438
811607
952698
316875
281312
526981
666885
788903
374285
645712
689490
863650
765361
857659
489827
196476
535998
884753
809032
172091
582658
139781
607294
198674
444214
698282
570785
698248
546007
791927
746663
561486
897453
936899
546913
141436
953461
315925
85590
910685
607436
94926
780612
502402
205620
582891
864652
243604
380680
582350
711721
931514
661423
198720
535735
442181
810252
931543
364347
465033
828028
312861
198232
652697
931330
903764
924603
652694
326554
826977
484052
484708
798884
860601
749852
859496
288794
377301
241845
287132
391644
331748
316229
720028
297591
816513
816511
760004
198209
317315
817719
737693
640753
610665
911318
692648
862938
702005
595709
774043
692651
932813
741722
736292
447615
737691
444756
291790
585081
189746
624364
904684
739336
437812
844321
412106
714391
182458
941838
940602
197398
864723
608811
599179
169009
182526
509202
424524
198544
749332
206781
731191
714887
652134
527437
608944
703392
684805
842274
947765
170929
596770
698227
757976
325577
445885
952800
629117
646617
291419
184752
596874
241888
475231
795731
199372
651214
750278
315930
169475
382758
791452
583693
584043
939837
659824
723484
307926
503273
947446
41931
530613
548685
819204
467668
773696
717651
912544
739335
751073
465986
963564
94580
210812
688142
901685
530607
421481
385452
797676
940595
720044
291292
864647
198737
705072
761625
286452
484613
859492
760005
785086
760591
534505
896976
716348
791762
915729
442161
943901
522158
749160
460706
279672
94579
932774
857382
776196
661676
210442
859508
768566
566093
652347
878211
139050
502735
932663
932777
360452
470379
635987
326120
935658
897804
302578
198545
428952
241416
859495
675098
807298
817158
859186
908439
467208
879580
282111
953246
817532
301572
309611
318563
783207
861296
309632
943636
843630
172212
944761
503875
773088
796436
377608
589839
727361
421751
862463
377128
666939
379957
441913
864342
864351
509200
833585
697945
585471
859491
418851
527068
648502
662415
562346
309610
335572
721523
285610
385213
180733
746666
632628
509212
857386
863763
793394
655724
278292
809035
199371
309465
409240
596652
654532
288761
582893
928318
365156
598289
864347
149862
553881
181577
535821
647881
511586
377299
528761
909401
512593
939838
152410
445334
236891
795732
757089
466541
863653
816510
169020
859071
626298
784567
285611
790813
807542
595571
731194
123169
198722
884945
863651
904424
291265
957530
722835
804697
943958
901862
424528
947766
436882
27005
175235
378397
921710
743962
735042
606296
188739
817161
645262
717649
673062
138225
739340
655268
698275
380395
286847
426171
883757
104054
857664
486607
380378
80727
559795
325141
762377
895762
200060
660838
501668
189728
661664
679473
816502
775985
684668
140587
530623
625111
896979
862257
530612
509217
389114
784511
497168
817159
903735
380390
760008
862930
941737
704675
464509
282713
172358
485691
679937
467956
862260
316731
610668
630808
859510
318756
284746
188740
606297
162694
428361
338640
862462
804144
170930
444412
825623
783541
538084
679092
627311
385579
161524
750431
326102
423566
901686
787106
862936
464300
904427
278290
897805
877290
539949
860604
833389
952270
325140
642567
896980
936900
657269
398998
198809
566231
870790
896978
863648
816516
679869
428364
445884
799352
198731
896984
816506
439542
593844
829462
567508
312491
809969
864344
594472
890350
780713
781827
581204
859502
182527
198112
548086
503038
654529
309122
155631
286629
722548
583694
160178
963286
949909
863871
504118
816578
527070
695459
156849
879870
299496
857379
509211
509214
746665
858536
935660
793783
664848
504119
818249
444405
936654
384791
25715
932811
324244
645042
656829
773700
94581
267482
395042
103552
104381
105084
105698
117989
118539
138500
138594
139552
140595
141415
142646
142647
165690
177765
179170
179334
180272
184290
184795
184796
185708
185709
185710
192742
192970
193727
194107
198306
198309
198310
198832
199124
199126
199127
210635
236307
240689
243753
244684
247499
247544
247545
248049
248050
251846
255747
256231
256409
269741
269755
269756
27236
27276
278554
281259
290017
298489
298492
30048
302766
313232
316980
317557
317563
320418
324046
325020
325489
325790
325791
327459
327464
327466
327489
327528
328123
328126
328128
328863
331848
34115
341948
342189
346609
346610
346611
346612
364121
367204
368207
368581
370119
371024
37174
374760
37490
374968
375393
376661
376835
376873
376874
376914
376918
376920
376922
376924
376929
376930
376931
376969
377451
377514
377515
377671
377672
377719
377739
378095
378451
378711
378991
380251
380253
380255
380320
383113
383114
410765
410767
417281
417754
418453
418462
418867
418869
420148
420661
420736
421048
422920
42297
423349
424203
424964
425962
428216
429082
432108
432109
442770
447351
451146
466677
475041
480217
480869
481915
482476
483221
483418
483430
486195
488569
488744
489825
490137
490138
491117
492932
492934
493899
495502
495503
497860
497861
500247
500248
500251
500252
508717
510982
511871
516303
528123
546188
550860
552942
554033
554407
555995
559307
559377
559392
559529
559790
560130
560863
562151
562152
562552
562577
562578
562579
562580
563011
563012
564669
565069
565422
567631
569647
570009
570010
570492
570493
570612
570908
570910
571441
571911
57278
57279
573627
573645
573646
573674
573933
573937
574312
575177
575296
575501
575666
575861
576300
576301
576591
576922
576932
577279
577658
578777
578840
579528
580445
580591
581232
586085
587502
602218
618849
618850
636713
640759
642344
642900
647746
647990
648011
649048
649450
649735
649741
649744
649745
649747
649748
651580
651646
655010
655012
655019
655020
655779
656996
658029
658032
658033
658760
658800
658975
659752
660040
660080
660209
662361
662362
662607
662787
663393
663446
663908
663911
664000
664040
664041
664245
664265
664455
664456
664457
664459
665334
665441
666358
666363
666909
668982
67307
716313
716316
717268
718421
722708
723217
723501
723517
724063
724477
724624
724625
724628
725750
725935
725938
725940
726173
727207
728585
729672
730826
731178
731339
731732
731801
731892
732651
733551
733552
734063
736353
736481
736524
736585
736587
736929
737207
737608
737613
737615
737616
738385
738386
738520
740890
741405
743927
745644
745814
747330
747598
750984
751245
754172
76543
768541
770721
770722
770724
774661
77645
776828
787899
789567
799622
799897
802753
802760
803964
805978
806130
806646
806647
807443
808424
80940
809453
810043
810397
810578
811730
812119
813027
814738
814998
815536
816518
816615
818728
818744
818777
818797
818800
819456
819689
820566
820570
820733
821223
821226
821228
822486
822487
823264
823289
823290
823350
824057
824402
829866
829867
829868
829870
829872
829876
829879
841987
861085
862947
879014
879028
879029
881424
897933
899792
901698
901699
902051
90364
90365
903804
906704
907805
908405
908445
908554
908555
908556
910632
911052
911057
91168
913495
914647
915910
918065
918622
918853
920643
920835
921403
921405
921406
921461
921462
921463
921858
923232
923529
924139
924453
924454
924490
924491
935409
935410
935411
941109
942752
947564
955808
957752
960389
964261
101419
101518
103239
103240
104607
105627
105823
106947
108354
109061
121352
130993
132062
133950
133953
134643
135926
136242
136243
138176
144252
145640
149145
163355
170295
174900
181211
181212
183441
183605
183721
184119
184137
184138
184139
185939
191893
193589
193757
193878
193888
193889
193899
195270
200477
208512
211499
211627
211926
213347
215787
228541
235335
236815
243647
245681
245835
246655
246657
256677
256724
257179
257180
25926
260234
261444
26548
267300
267798
268103
270283
270286
276692
277577
279098
281215
281216
281217
281218
281219
281220
28924
298120
302450
30616
308195
308197
308198
308199
308384
308640
308871
30961
310981
310984
312493
312644
313234
313398
314547
314548
317919
328769
329788
329789
330123
341584
342459
343133
343134
348024
348025
35082
356407
357851
359142
362380
364882
365626
36749
367689
368101
36900
370365
371138
372363
374623
37493
375934
376904
376905
377930
378049
378844
380054
380502
381469
381954
381955
381956
382630
383506
391375
391376
394164
394504
394505
394506
406467
407713
414914
421384
42431
42432
428377
428378
429089
444115
447570
449639
449641
449642
456952
461660
462148
462348
46251
462990
465541
465944
467203
468915
469724
473101
473724
473759
473951
474016
474476
474485
475458
476914
476929
479021
479843
479853
480212
481099
483359
484081
484710
487371
487835
488489
488799
489279
492797
493020
494809
500201
501543
502415
502823
507546
507547
507548
507549
511689
512606
512607
513452
527792
534761
536576
536577
537050
537222
537957
538746
538770
540538
542075
542562
542702
542725
543293
543703
543716
544724
545203
545506
547925
548212
548925
548932
548936
550864
552810
554653
555439
557900
558840
559127
559390
559725
559737
560633
561877
562922
564161
564410
564599
567758
567763
571301
571302
571303
571965
572510
572725
574766
576085
578061
579936
579980
580512
580514
580909
580941
581366
582359
583047
583065
584011
586535
587346
587535
587539
587645
587646
587985
588876
589417
590880
590935
595388
595406
596505
59770
599690
599691
603043
607664
608211
610587
612851
612852
612853
612856
612859
612861
612896
613346
614215
615143
616757
621395
621415
622417
623600
623912
624727
624893
625004
625187
626347
626358
626965
626966
626998
628265
629629
631064
631222
631299
632023
632833
633317
633318
635101
636312
637396
638397
639376
639788
640244
641891
641892
642885
643547
643993
643998
644062
644081
644463
644843
644846
644851
645299
646096
646959
646960
647356
647365
647421
647801
648271
648272
648300
649826
650254
651508
653672
655025
655097
655599
656115
658206
658207
658218
659737
660561
660866
662356
663964
664084
665254
666581
668677
668696
668720
669640
670039
672313
67243
67244
67245
672799
672922
673237
692119
697865
698337
698381
703840
704520
704547
704548
704755
705168
705328
710571
710830
711597
712671
712877
714407
714454
715716
716249
716295
716757
717082
719579
720861
720862
720864
721533
722448
723645
724086
725376
725384
725396
725717
725733
725799
72697
727439
72760
728544
729195
729291
729380
730203
730992
731174
731683
733752
734075
734770
735239
735637
736136
736357
736889
736920
737619
737643
738042
738410
739095
739150
740290
741277
742088
742124
742189
742897
742898
743781
746167
746335
746598
746610
746952
746970
747081
747082
747246
749526
749651
750092
750098
758217
758652
763768
763769
764927
76849
76918
772322
77395
77498
775573
776533
776538
778246
778247
778248
780919
780936
781143
781832
782526
782533
782864
782867
783395
784487
786392
786456
788934
790987
790988
791136
791137
791344
791659
792261
792288
792491
792861
792866
794177
795834
796150
796203
798194
798197
798372
798562
798695
798900
801676
802185
803456
805780
805781
807805
808050
808075
808334
808465
808563
808650
808769
808790
809430
812328
812539
814310
814313
814624
815662
815880
818337
819367
819575
820072
822470
825469
825808
831535
831811
834404
834820
838986
839124
842895
856538
858297
858298
858676
877750
878721
879918
881195
882223
883359
884082
891523
891529
891533
891534
891536
891899
891996
892001
892114
893423
893432
893433
893438
893863
893865
893874
894318
894870
895248
897010
897011
897012
898935
900010
900723
902000
902179
902259
903264
904023
904098
904099
905316
905405
905407
905520
906464
906469
907006
907102
908582
910763
910853
911125
911870
91193
911946
911991
91234
91235
91236
914158
914351
915274
917766
917930
917931
917933
918449
918450
918705
919036
919293
919450
919549
920599
920601
920726
920727
920728
922448
922786
922787
923119
923231
924473
925816
926174
927932
928704
939656
939657
942329
943059
94613
94614
94615
947574
958175
96280
96468
971450
844891
432896
676128
798186
268983
771561
883610
639377
269150
656012
477921
455921
207931
632121
844888
606318
55077
523339
406437
483551
844323
233152
701315
857373
458551
592284
99927
458452
526691
712748
612630
459813
388921
517764
510546
447835
98400
597230
537058
734777
805954
623508
372827
915170
132061
678933
759801
598490
914047
380789
638777
588867
412443
707409
957524
976426
54606
454859
689518
608010
844897
674125
906127
811295
527046
632063
783397
678424
192955
602436
397660
492707
542943
337416
43838
340903
803182
743941
807330
954399
972513
527088
514109
464621
909977
860406
204246
685120
399371
892803
517430
454854
927385
457721
697662
345246
45060
745101
669653
438013
511980
43836
288746
339486
381464
147235
444890
844853
859318
458572
545412
577782
628507
528111
522851
697663
161530
398864
345244
965081
314097
150636
45062
836517
844890
456965
706807
625219
368582
695005
171704
776850
902343
822149
133822
184131
255230
461190
669654
458191
915160
512353
491934
944760
706279
267638
507697
780917
324849
932549
288505
636666
789518
588869
30159
92299
715720
642004
816136
603403
947630
586541
854577
438140
664830
303001
814849
952611
470441
646919
790322
506951
803840
799425
845899
522852
424526
328763
284870
367418
416225
455933
529910
512355
448435
649874
184316
580852
608012
496170
757806
288710
463048
621191
836509
96463
741368
445981
871249
333075
491933
925893
771010
495264
458569
135733
696812
671667
160865
792036
712228
184118
747399
855772
43837
448398
626342
503551
458570
689520
758246
806924
917790
301624
611765
438139
530727
506271
115896
507418
45059
458547
96497
871713
458189
410027
914420
529831
685050
813897
861766
855872
156079
455932
234879
581375
549125
914587
475241
89686
281725
784344
757473
452208
593483
205044
484362
520224
858015
938424
467052
945962
75066
909837
183945
691403
802172
379975
684069
530807
815510
881450
115889
508430
952440
679878
458560
858311
638495
245698
288112
344234
447314
932550
698945
307784
658198
915165
464641
535993
561133
312656
452206
36711
656245
467221
457703
388723
255407
950457
805510
376968
789908
498479
845440
432894
805508
138379
628268
892963
673783
923113
434648
267637
922520
72925
452508
354757
182871
747538
675088
524681
844855
734925
339483
701438
717589
358204
96500
298004
121745
603605
915166
760509
586532
298223
707478
915157
381282
454850
457722
685052
503547
740214
525307
403631
805507
418010
457704
381124
518964
936229
81915
333082
877772
458167
701314
785592
535715
446135
495269
643501
541051
255408
121367
54608
735908
465424
507817
411833
503548
811338
914417
218144
971026
627903
185957
758247
972710
438012
772052
486520
177399
115893
803843
956667
501626
957399
507596
495270
310794
628477
170297
372047
782233
354776
591093
581460
479060
54607
972156
691404
783331
96465
953006
328390
638454
29568
844836
174905
307001
929595
457700
491082
524682
675714
453164
453583
598835
628513
89697
347427
461980
772620
921109
820060
183946
675495
694867
805497
434649
379499
160867
548675
629957
346540
926263
624520
295285
703008
167670
530168
489023
576943
539072
636667
908966
921193
304020
483801
268984
757463
457705
675077
700491
596049
881570
662027
115891
625657
518363
958186
810825
588849
268995
468516
145543
457714
797597
507595
496169
284868
854594
345727
596506
688965
605382
952805
518362
646953
960503
803844
434646
746151
736547
314095
78473
593389
114312
623551
138017
805492
459133
943606
98401
345820
550753
493376
495044
915158
508427
637149
204881
864084
676100
139723
697963
464947
328112
588671
648279
758902
495275
612312
860562
785829
682800
180985
747515
638802
632175
299379
503552
631219
549576
89933
671625
523131
282885
245696
384547
842412
890303
630349
914181
497850
76116
844889
923111
615248
908969
545665
419563
754848
511131
342440
482402
538727
766033
746146
650782
181594
596511
770116
659436
805511
443644
432893
605379
844856
915162
731713
915171
411472
646945
499144
512382
911852
519806
458568
602431
424173
461622
928117
537804
859323
595503
689695
43586
479019
845897
529786
482973
603951
233154
446134
626344
816196
507417
704695
929865
915172
438011
835055
165643
911849
909970
232999
857318
531193
952807
304927
766879
508428
602466
612311
54605
456421
164520
707298
854543
613419
845011
596514
676099
181232
844893
473723
495265
306995
369776
536052
458173
924888
871467
843214
185375
529984
434650
737977
267640
387924
922524
660973
405809
533918
344062
458174
579608
477157
432895
459134
634424
507696
524232
635580
974820
500636
642005
307704
617902
947631
914424
121359
571777
388223
185376
115894
671661
512354
583053
398865
523000
441254
341238
918823
805509
596512
740211
811453
173494
201445
208306
115895
740213
816831
602435
766338
121743
283122
921192
658233
926149
501446
454860
863143
746937
458566
489024
218145
805502
845918
121394
915164
858704
685430
430872
43966
673782
533185
477156
590517
281726
333083
387923
643502
35027
596513
183944
627324
403632
791227
676509
131691
476071
533766
456966
855773
803832
606966
154868
906125
488468
926268
155197
771905
480397
457716
674124
844895
342441
818188
701437
26033
844894
36712
285294
646923
484127
216712
376885
522850
926261
877765
287675
626370
487082
906892
596882
965747
92734
265851
354840
928693
484927
519696
562075
884831
703057
623603
346380
811756
528527
327089
181663
402287
541402
303057
757026
425735
890298
660713
724189
215612
285412
569576
895910
233096
794243
236455
371480
125519
910764
569473
327088
391661
134275
593176
729684
634580
562642
473257
390986
247800
938827
643545
197966
475269
54635
352369
28935
525483
617219
54634
621517
462296
171128
555025
399291
492515
212861
169119
725293
514851
788391
54139
337147
414919
329948
530740
313957
676058
402065
634377
694833
609856
625935
54640
23394
747245
169486
722793
374658
236468
354841
243329
944314
911168
142741
657251
391526
370018
180177
634775
213657
401070
356938
901407
975845
769822
779717
531879
521983
522145
213819
354842
789640
839481
900642
760385
395320
611926
348562
308635
814616
346381
470855
714183
410816
773500
680906
912709
789277
102483
211124
322214
618532
769825
704068
593208
791960
422097
877653
757597
92467
308620
44202
927879
181966
304945
954692
462146
563824
281281
115944
733928
589345
545436
462300
129201
314431
388894
186014
308631
746173
805827
877762
110358
932211
47350
588217
668721
101418
601469
893751
374478
586894
234520
167664
837496
125673
654771
746217
412460
855160
358334
628819
910118
306072
800758
282741
811159
210458
212965
422091
827120
789914
462504
97819
603527
789646
471921
641136
383087
729919
599337
378613
485013
565367
117019
842046
474339
420348
777580
939253
625371
810986
73003
861926
677526
596883
239456
397353
757018
626663
786203
715375
901115
285413
535724
354843
728316
90378
477460
612490
136227
374180
96852
792478
764110
940280
480552
349259
792988
204001
336813
511926
714805
233222
399776
706862
745626
641133
560495
631679
31238
94435
855710
471604
461174
521900
672496
538524
931458
426178
331050
153156
661954
626884
770453
466890
697814
253012
98147
820242
563510
654749
818741
818738
468940
411477
961741
106963
612534
756385
965083
579728
746333
288842
627896
412166
705269
651627
731062
302680
422056
599345
839026
180122
825002
414993
123545
562787
152885
354837
407211
674888
253013
926170
89411
422726
103795
54630
897801
728816
101326
927558
376599
278482
471636
407248
813915
940457
731332
809218
652367
292867
199772
778716
398954
281283
789249
342130
54637
670588
192949
96950
98172
138283
587951
475349
99972
744236
912903
520022
934786
527782
936968
386402
420950
680917
430938
309807
653417
54646
84275
449758
661406
279059
747764
808894
344317
375834
278429
538432
64959
813745
878582
422092
199232
417949
839802
70715
965012
879473
321304
507364
54649
211432
278484
631261
556045
762349
438415
618533
837500
778667
477934
581723
943846
545265
837497
540209
864600
811313
132180
651689
131315
540692
202380
801023
279684
699207
420951
372237
665650
623469
500789
256239
703528
640108
654694
412936
171135
884222
919486
25473
531411
737788
104620
571614
877908
567032
171411
198900
171737
397354
725949
962423
462220
676677
212486
840823
803652
594147
759514
842563
177132
251830
792170
669780
740862
623333
791961
779775
829498
770112
347598
625182
281288
652671
915778
278479
355463
741969
871124
292503
97412
811378
815457
781158
105838
597388
834837
908489
346317
243324
180760
100968
292080
688832
24826
626875
212484
894019
347321
217628
964087
130412
620192
557948
842360
171738
252314
420283
92134
596230
321365
363680
641140
385868
841562
905169
553020
727554
700103
829504
54638
282740
712716
129489
322028
864282
727540
961468
916799
623335
921661
782056
346277
952213
593990
834841
411982
734316
882344
672495
608683
488481
774706
400934
521905
519708
767864
798366
574789
538496
543889
285754
132621
826772
564591
247938
653667
521364
113551
805906
420952
140088
721024
726089
727537
701469
558563
156178
819194
813869
581465
565366
402229
108569
300156
809265
615027
976230
351731
842570
884835
521854
623594
178021
310423
727438
290117
94436
755517
652944
463439
566469
279066
402438
72811
766563
523597
181403
861730
783901
508649
58615
692245
72818
318863
658785
621424
742167
630367
383749
265850
454153
77432
665981
470973
858677
700414
531728
181402
892411
134535
30117
362048
211810
825878
231483
614216
878389
453829
734303
365976
217654
310278
518954
539855
180121
177435
697779
81251
788142
143111
182045
555415
503151
693259
708947
911430
950676
448666
233216
855502
857612
268018
71448
656780
650798
344837
339781
377852
603602
55081
40890
356237
346350
302100
54642
632536
333897
83181
668125
130400
707172
902510
913583
139000
806465
828958
860345
535631
654979
777777
181971
463672
910119
632072
612307
331049
349395
656619
784989
75866
828484
477299
700702
807278
882225
788118
552210
825591
706625
507607
181969
655823
186021
805087
625365
418841
92455
247644
837520
361399
170195
686851
638975
460855
129599
35580
77754
827930
757052
759051
915773
298853
92516
183012
635465
92469
372104
799879
697270
61497
436994
815985
172335
641139
926404
668675
584525
387477
135568
138383
463371
541312
386014
777764
46233
176083
761189
785612
641141
460473
177436
365128
928762
778763
814685
142424
468544
181968
811986
681409
820441
644310
593987
739307
824440
153213
217629
704216
612484
621513
724176
826903
94380
593984
834348
357394
129488
784420
130655
341672
700048
512218
768538
735346
590548
648248
190179
179063
664356
859434
202153
387257
778203
238567
972915
746318
945456
437129
407579
326704
148993
678925
518865
315470
79054
288668
342635
871296
858233
786534
965765
819706
375322
101532
638759
871724
859119
575748
363545
650085
974075
718107
320081
872062
894813
479463
361910
512143
931152
366418
384812
523110
30390
317820
770160
605391
333918
555413
524387
557163
456893
629871
660474
857601
939624
935970
592278
367623
659891
791610
736813
388789
754515
240918
482349
453119
148706
385208
202023
537476
415667
760893
64958
141924
876570
880641
676881
462572
774968
835174
506440
837557
588755
819169
350221
603073
93006
669817
669815
459736
572697
673942
884010
841969
320093
676080
938949
588842
281393
718043
797996
178543
362664
316841
526181
842928
340965
351118
624536
678581
635685
835434
812805
304941
908363
453799
761187
92011
477394
384117
516353
150355
484803
685396
94573
396914
952704
944721
238571
959597
709593
529014
952710
434658
736718
408174
431382
398575
975100
793934
495094
602339
243320
764035
625208
757307
941276
791304
871728
858694
648336
377446
628707
101528
297730
558841
638898
502478
288839
268552
78233
382751
386241
877577
411988
542428
757946
41058
789841
757912
473877
554357
680471
292010
599723
383093
764788
358815
500315
827924
384361
599114
659697
139198
350141
939634
638398
943954
32943
861181
533299
814946
627493
361172
975512
840115
401851
292008
674276
596064
213378
750503
573287
343612
858453
797171
436298
883870
617723
522211
942693
329736
310960
540696
895624
808950
791360
25753
333212
603536
599555
559604
913264
660703
790328
689797
304949
143110
327281
881870
542692
896322
514130
810552
591527
330667
884549
741728
938947
750756
214791
337812
324595
317906
350150
538111
703639
791398
759116
212968
678579
819574
855808
942323
209409
761383
807012
179060
507099
448670
174493
660810
324779
618542
783787
189703
842262
566566
696658
676903
683716
554371
599977
832502
240702
65449
843167
588951
412558
502661
648306
764508
678921
438915
90392
311019
668381
683343
966285
526595
643331
635144
327447
313650
775739
640286
899448
459614
750903
590514
881865
680604
669812
814730
708252
41056
436300
650084
149929
341368
465924
637505
909674
625140
442952
761208
297823
316194
313816
77144
588988
389898
672515
959139
685118
372364
754524
330095
620276
653052
522264
825516
213377
546959
403353
59771
180051
895500
521989
512094
546325
523726
388896
142257
625813
543751
167914
879677
815035
785840
469442
783889
45952
938513
761595
755352
587733
714923
589004
805419
728823
715203
535385
647733
974485
691713
298390
648295
548983
365544
320400
913260
871301
963628
640660
333117
526744
678909
521546
858302
594470
255404
854601
814735
899059
286674
438361
170784
833245
263123
871730
391610
284365
686099
287653
599708
560971
183599
892954
804853
374051
760608
506560
637150
966286
632964
662569
533595
913708
777844
387256
973131
641397
132165
255402
696507
351035
292092
284362
950679
785431
413498
476240
554706
446936
449236
193523
350923
664862
311075
316792
768537
755377
778202
750496
864582
380325
676841
454225
319846
688052
442799
803699
903892
314196
455472
586540
491013
524807
682047
302139
672340
835070
316694
943625
579881
167464
276912
268512
733670
318927
104911
949530
142805
122716
65877
754498
635167
183602
291814
439218
463397
900610
451796
963626
510542
677576
321067
403094
736706
442493
820064
442945
913176
392780
831531
195286
210424
96582
639005
617826
337809
679163
448593
938472
435327
326557
899618
473164
403639
840121
756001
83279
349503
287684
670582
548037
718613
384103
538592
463141
770999
213930
267303
876565
939623
314326
64776
947066
955245
941237
759271
491823
605678
647737
377202
482690
619561
797554
811747
304022
892666
173836
893687
330846
648285
880660
610783
256021
947686
213999
462718
311893
440103
640663
240917
961479
187221
239901
631602
754510
966201
255226
915508
943905
44440
917426
728848
235153
506126
324778
842397
45930
515980
647736
296859
497726
897049
501679
149883
235734
500811
349329
616438
539441
662591
442630
757376
527464
731161
766525
405260
547941
582306
792228
637147
498968
596156
781770
138838
787118
785349
746325
601643
465667
884990
138849
760133
214416
833632
365546
519420
346491
347536
408497
89003
288701
455346
965768
659687
575252
761234
607491
965308
609894
607353
338192
759752
495093
309063
899811
491637
363118
938238
202513
859076
875454
340354
341357
527905
209420
755616
305493
289332
541175
812773
728981
814831
384823
821749
213461
906676
464560
503171
644855
218032
148705
399651
557315
441666
680085
857600
256823
749671
400930
618318
909198
522939
455351
475946
669430
176248
820062
546699
949345
612929
413415
385335
644461
287533
78229
937703
154882
437132
728834
210421
385569
330200
534363
130218
750490
114699
264300
755415
522147
202183
297145
165455
871726
754784
605392
755128
834306
537202
892673
555420
677570
840561
876540
840061
965562
70125
520630
610192
441175
755932
577461
412377
727472
167916
806935
628695
386412
215099
846112
975651
526024
767144
361259
684063
502273
774971
791303
788968
855692
835298
828832
857969
714206
669948
657298
761394
373529
952328
546987
508005
467576
712912
857751
779951
635513
505453
103470
103476
103477
107015
107044
107488
141661
142139
142344
143262
145662
160896
175379
180853
182474
182475
182476
183976
183977
184500
184529
189364
192865
192866
215980
216049
216050
216099
233953
233955
234615
236605
252747
256953
261477
262732
263390
264073
264925
269331
270404
270405
270406
279666
281009
282760
288220
288407
290331
291285
291286
291287
294475
294476
295532
296659
300296
300297
309745
309765
311606
311608
311609
311610
31614
318430
318431
318432
322766
328110
328111
332757
335498
341724
343049
344977
344979
354856
35916
366079
366666
366695
366696
368022
368023
368024
37451
375133
377557
381440
388806
389906
389907
393235
400246
401819
402218
403047
417870
417941
420775
422713
423304
424563
426179
426214
429091
430548
430916
431320
431321
431370
431372
432897
433468
434309
437620
439093
445373
458952
464485
465298
466032
467827
467841
468218
468403
468409
473183
473385
473386
474112
474122
477528
478287
478472
484814
485216
487706
488371
489272
491059
491060
504613
505944
507253
510533
512405
513736
521408
526969
526970
526971
526998
527307
527308
537668
541076
541995
542244
544117
557253
558395
562508
562510
564075
565194
567754
569431
571232
572405
572530
575272
576083
580853
584503
584504
585158
590529
590530
590533
590537
594690
595779
596287
596288
597440
59755
59756
602988
603457
607114
608399
608709
608710
608722
608723
608725
608728
608731
609507
609690
610031
610346
614622
617827
631778
635651
636321
638890
642788
644359
645809
645991
649961
652849
654815
655486
657551
659550
659877
662280
663029
663300
663634
664533
664534
664556
670762
670764
670767
671506
672658
672833
672836
672898
67433
674333
674753
674755
674756
675102
676225
676229
677057
683069
684018
684199
687226
689260
694837
695039
696881
696883
697503
700253
700255
700256
701941
703770
705934
706334
711935
716364
716900
718776
719963
719964
719965
723937
723938
726229
727391
731626
733684
735787
737234
737774
738405
738664
742559
746447
747832
747833
747835
747998
748629
75175
755596
756121
756129
756363
756973
757210
757349
758228
758230
762171
763238
763258
763591
764965
767545
770237
770238
773262
776062
777049
780269
781510
781619
784774
787107
787810
788141
789790
795919
797645
799904
806002
812831
813194
814615
816492
816493
821358
822020
822023
822400
822459
823014
823856
825467
828101
828420
829861
829862
829864
829865
835445
835448
845016
855768
855875
856092
856239
856241
857095
858074
858076
858077
858078
858079
858080
860608
860673
862287
864211
870935
879849
890497
890520
893391
900876
902346
903149
903788
905083
905084
906339
907232
910305
910817
913212
913459
915421
915422
915423
915424
915425
917343
91852
921172
921175
921759
924565
926926
927443
928672
931896
937698
940179
940489
940492
942209
943742
944169
947196
947775
950856
952022
952453
952973
953477
953478
953535
953536
957795
957877
958245
960364
960365
960370
960371
960372
960381
960383
961097
961138
968289
971960
972777
99142
906311
658286
562395
796778
322529
455689
563955
189562
747482
726639
546171
810038
399629
894284
386899
715739
91917
244364
434945
401803
654544
179773
718106
745105
76565
611053
559230
922163
381442
554982
900048
556000
467790
826991
265895
467227
315807
370891
278125
278556
184405
363856
836148
180637
550314
721731
797509
965019
264076
829140
185438
899809
638787
177720
545344
394646
724317
319205
558232
725517
428265
655334
325174
905023
317276
418410
420789
377840
904552
750264
558734
556902
526040
92150
45072
412391
139184
727108
634276
264207
25922
236794
467803
281401
467983
939246
411565
717417
792112
370895
643977
809660
660853
470776
801526
898588
304599
912396
312851
731621
729244
100311
721353
566778
794756
313236
316635
901490
379628
380978
91916
526044
808945
828786
797800
123810
396846
557793
799080
562089
556898
558561
645310
635145
855746
413442
103384
374069
549394
130554
78072
277254
102976
805118
467477
649034
717102
468284
743475
558538
717276
420360
177578
648788
899978
808764
407439
304591
76564
716370
543841
555654
36983
650882
723813
828164
289692
477162
495862
654625
672215
320751
269532
897252
809241
644943
732646
410774
481683
356341
373281
29725
545482
845725
555998
550323
411110
770390
278179
898621
834014
431979
618967
266762
123807
483120
936758
813476
477406
899806
568048
924025
252353
789765
647534
246575
131579
671523
465811
623687
729000
861776
269398
265525
644073
377843
237294
899804
411688
858073
807058
862774
744110
479922
325114
138954
265529
644045
410981
409226
741419
685785
723678
636732
477949
353698
511814
367225
549319
692468
726689
793028
266763
660049
479403
925077
796677
650580
728558
942796
685414
742925
287168
911818
499464
468154
178467
414639
683499
370160
650729
560402
131439
907219
694590
576294
416227
185317
312790
317623
728840
202664
330794
671539
566761
742138
802085
138394
139992
374554
625159
565632
802106
801677
331062
724251
80310
268689
176241
795143
99860
896449
281403
801535
872060
924486
796869
279044
761462
178484
466820
736119
386329
559626
678935
812349
236360
725758
818342
99965
897493
808036
511813
568090
483037
566191
902213
477947
391678
102067
19660
742910
920376
218021
565098
911928
372063
585113
566717
165744
474366
399695
396847
736437
246574
798512
798480
707294
100293
840431
897827
474237
282138
622742
557803
897939
526043
656021
563497
551366
859194
922172
407814
99076
412639
754011
729332
474222
655873
813925
377185
897109
736011
401181
748529
734309
237764
644646
814442
728871
245644
324074
817617
672228
287928
235709
648678
249197
72633
511817
788880
263571
285184
178242
305380
29319
897386
809772
720609
176154
142277
912863
270352
648741
368323
565225
324071
770394
815980
377184
729129
553487
559449
62085
957759
723628
235818
183126
550312
649108
539239
815390
796494
828867
478732
643440
648498
644479
648979
376467
625334
720611
563838
185316
670053
269823
560124
722499
315565
235467
729241
575101
129536
164151
326625
502425
486632
479747
900952
729580
718614
883837
277732
724370
100631
175293
101487
420179
313443
735821
269824
566777
415313
312464
568378
476527
301931
798479
101233
411607
653823
142924
412390
789987
285470
373895
808175
564655
356346
575103
91611
905142
424925
580821
720308
270025
483084
649209
278441
674876
758182
615943
743495
828785
799261
173837
939052
477261
565619
722458
505810
270353
546355
739021
803656
367224
34041
808782
584498
318496
557516
798972
473573
707085
76571
912904
323322
552924
478749
734598
180185
558476
414952
654718
236910
653777
568046
809759
743848
478118
823913
477259
952987
199350
367642
510998
576926
902833
757856
213820
898459
178172
899730
26862
684509
770100
92874
316466
33356
726457
648236
926843
187710
772934
567232
558539
729104
331061
896651
300436
549209
729453
645956
729096
176079
564027
550593
412371
725135
742929
906244
723667
808174
478652
551885
554629
773175
184732
669869
139411
487394
738776
652927
728559
466027
880731
277727
101519
768821
815894
563300
193407
895243
373041
367600
827007
650406
243744
549537
647833
535711
796902
894190
548359
557891
722219
232977
421220
644402
483428
635117
565516
659007
367576
567363
721438
391775
420733
677045
555855
282139
729184
710573
121344
726341
729113
265275
723786
474487
910235
465519
722328
807285
900815
473306
897724
785871
422071
625164
184161
247463
411813
899453
317516
396975
649419
558530
644330
61861
270347
416756
412382
331060
646646
828792
697947
806467
652916
914440
102068
738167
813763
246601
736436
648176
130814
536414
373293
652550
550326
252645
649463
481647
487395
643751
394879
175391
516413
828789
649582
795482
553356
130585
607398
825331
580952
644645
77634
396954
717420
716068
808750
368397
602143
420999
815945
649536
623431
90326
478643
375428
178443
912596
795605
648203
558429
394647
801336
479923
549314
366481
378889
547123
902391
653718
729101
318282
477377
635807
566695
817626
200971
469828
380500
640743
729687
131581
372438
904777
410460
102747
895646
277392
816184
656917
560725
475103
720823
812382
895784
237434
132079
77635
779774
247941
547377
138170
476722
477543
912905
793027
646485
175012
902835
795554
80311
901405
828788
367993
897552
56231
198956
32835
76230
810376
904962
624625
584497
304592
685919
102156
108366
120517
132791
134047
134373
134612
135555
135728
137661
140212
145090
149053
157536
162588
162589
166835
173495
173847
176275
176682
179516
179797
181656
181659
184598
184628
184630
185382
202566
202567
208153
214462
237753
240325
240326
240517
243481
24557
246029
247299
252167
263714
264859
265939
26910
271739
277981
278153
278154
278456
278457
279094
279096
279735
279736
279737
281064
291958
293484
298305
300842
300843
303733
304013
306213
306214
306215
307020
308069
308874
308877
308878
309444
309599
310261
311533
312038
312065
312066
312069
314336
316704
316863
317080
317747
318437
318438
318439
323596
325170
327766
327769
329918
334282
34580
349675
35328
358155
362842
363903
365028
365144
367786
367872
367977
367997
368031
368546
369603
369629
370157
370455
371170
371174
372239
372372
372373
372374
372375
374453
375704
376351
376646
376680
376682
376683
377580
381947
385253
385254
385255
385256
387611
398490
399123
399124
399125
40191
402638
405400
410050
410755
410992
411684
411917
411918
413324
414847
415625
416039
416666
423759
428895
428912
431407
431484
43634
436342
437486
437488
447568
449201
44938
45087
451390
457439
459931
461841
462754
464325
464534
467856
467861
469243
471860
471862
472504
472506
473121
476606
477326
478167
479220
480280
480798
480810
482479
483701
484332
487072
491602
491603
491981
49881
520009
521891
522078
527810
527811
530837
531498
543787
544855
548298
549372
551273
551274
551275
551277
551357
551446
554183
554671
555386
555388
557916
557962
559875
560349
560352
560353
560357
560362
560366
560376
560378
560383
560960
560986
561426
561578
562063
562933
567146
567265
570576
570613
570623
573209
574180
577029
585632
598504
607916
611241
611594
611595
611596
617644
625440
626971
627441
627442
629388
631301
631304
631581
636322
639241
639406
641484
641528
643901
644607
646546
646548
646742
647839
648966
651948
655207
655319
655332
655815
657763
658139
658141
659222
659748
659749
666153
666638
671195
67360
681365
685941
685943
688478
689716
692719
697586
697952
698956
701405
704031
704170
707584
707604
710302
710304
710496
714279
715383
715874
716753
717239
718540
718549
719855
722560
722698
724359
724610
724769
726794
727065
728249
728537
728876
729989
732046
734268
73492
736463
737253
737257
741847
750097
752875
756122
768390
768913
76893
781667
783714
78456
78457
78501
78502
785863
787093
787274
787620
788140
789268
789269
789271
789272
789274
789694
790527
790568
792465
793075
793077
796675
797958
798803
798811
798812
798813
798919
799485
799492
800789
800830
800831
802070
802096
803458
803800
804255
804256
804372
804457
804620
806155
807511
807513
808508
808509
808749
809234
810151
812628
813689
813690
813691
813692
814457
815170
815174
815405
818846
818876
823512
827681
834416
834418
838414
842273
844515
844526
846046
853703
855076
856086
856141
857170
858396
860613
861026
861531
870635
871172
871173
881088
881187
884001
884204
884494
891006
892014
892978
892991
893801
893802
894134
895174
895706
896598
897074
899066
900235
902180
902520
904236
904932
905772
906637
908528
908864
909628
910657
910658
910660
911435
912502
915102
915103
91622
916833
916987
917761
919444
922743
922747
922753
930036
930038
931324
931326
935236
935237
935243
935260
935262
935266
940624
940625
940626
940628
940630
940631
940633
940634
940636
940637
940640
940641
941872
941873
941874
971047
974761
974762
975241
976446
99375
